-0.0191721
-0.0710243
-0.110754
-0.123814
-0.10084
-0.0422661
-0.0608157
0.764754
0.596053
-0.25807
0.214359
0.0055492
-0.00724103
-0.0104256
-0.00660416
-0.00625441
-0.00590768
0.0521685
0.0272543
0.00423856
-0.121053
0.0516471
0.0275546
-0.00323807
-0.0843208
-0.000740015
-0.013509
-0.00429134
0.0512678
0.105795
0.036032
-0.00262792
-0.107411
-0.155494
-0.197685
0.126506
0.215695
0.336973
-0.246993
-0.00175214
-0.011446
-0.0146938
-0.00719254
-0.00661239
-0.00797316
-0.00849978
-0.00900762
-0.0073218
-0.00503056
-0.00868932
-0.0114362
-0.0133607
-0.00719879
-0.0078049
-0.00844107
-0.00677405
-0.0100736
-0.00576511
-0.00145239
0.000850523
-0.0114599
-0.00911273
-0.00110452
0.0187222
0.0122699
0.0162514
-0.0158271
-0.0340039
0.00957499
0.0254188
-0.00690485
0.0439682
0.0932705
-0.00374299
-0.0348784
-0.0865062
-0.220478
-0.175646
-0.0761173
-0.137425
-0.0408744
0.0170956
0.00295195
0.0309463
-0.0420516
-0.00588089
-0.00475962
0.00579291
-0.0627914
-0.0687123
-0.0731769
-0.0806351
-0.0875048
-0.0950879
-0.102113
-0.176236
-0.0794798
2.52765
-0.325194
-0.274078
-0.0946452
-0.11086
-0.0654181
-0.105998
-0.0142132
-0.0205094
-0.146554
-0.112945
-0.0912718
-0.085239
-0.052237
-0.0692223
-0.072851
-0.0919662
-0.110174
-0.121262
-0.133543
-0.473554
-0.528421
-0.586508
-0.644927
-0.707568
-0.770302
-0.837412
-0.904234
-0.975588
-1.04623
-1.12143
-1.19543
-1.27407
-1.35096
-0.780511
-0.784782
-0.79
-0.791754
-0.79436
-0.793472
-0.793286
-10.135
-2.64452
-7.90585
-14.0521
-7.77741
-3.27621
-10.7312
-8.38315
-2.01122
1.08295
-4.42996
-8.20278
-3.62557
0.100301
-4.7538
-9.436
-20.1334
-20.3242
-20.3884
-22.7493
-22.9621
-21.0974
-16.5471
-17.7198
-16.5471
