0
0
0
0
0
0
0
0
0
0
0
3.14159
3.14159
3.14159
3.14159
3.14159
3.14159
3.14159
3.14159
3.14159
3.14159
3.14159
3.14159
3.14159
0
0
0
0
0
0
0
0
0
0
0
0
0
3.14159
0
2.07285
0
3.07687
0
2.65578
0.874395
0
3.14159
0
1.29549
3.14159
0
3.14159
3.14159
0
0
0
-3.14159
-3.14159
-3.14159
-3.14159
0
0
-3.14159
-3.14159
-2.85022
0
-3.14159
-3.14159
-3.14159
-3.14159
-3.14159
0
0
0
0
0
-3.14159
-3.14159
-3.14159
-3.14159
-3.14159
-3.14159
-3.14159
0
0
0
0
0
0
0
0
0
0
0
0
0
-3.14159
-3.14159
-3.14159
-3.14159
-3.14159
-3.14159
-3.14159
-3.14159
-3.14159
-3.14159
-3.14159
-3.14159
-3.14159
0
0
-3.14159
-3.14159
-3.14159
-3.14159
-3.14159
-3.14159
-1.91101
0
0
0
0
0
0
0
0
0
0
0
0
0
0
0
0
0
0
0
0
0
0
0
0
0
0
0
0
0
0
0
0
0
0
0
0
0
0
0
0
0
0
0
0
0
