-0.04714
-0.100371
-0.0229272
0.0643839
0.0316679
-0.0310803
-0.0725489
-0.0183697
0.0258267
0.0271104
0.00138079
-0.00212908
-0.00345029
-0.008048
0.00720603
0.249283
0.0761755
-0.000325333
-0.0568924
-0.0151418
0.00146423
0.0371981
-0.022288
0.0109071
-0.0053671
0.0938759
-0.0121747
0.0849293
0.0278308
-0.000607772
0.0567412
0.0434634
0.066252
0.0329486
0.0450167
0.0667995
0.0212622
0.0700017
-0.00792216
0.0125022
0.00893049
0.0512325
0.0341244
0.0147806
-0.00743987
-0.0128301
-0.0302729
0.00132263
-0.0593178
0.0607684
-0.014012
0.070057
0.00534318
0.0507967
-0.002265
0.0249578
-0.0535836
-0.0113838
-0.0353273
0.0387909
-0.0119458
-0.00872047
0.0244256
-0.0558594
-0.00901297
0.0230864
-0.0554092
-0.00651935
0.0362096
-0.04606
0.00513981
-0.0242854
-0.0265734
-0.00426832
-0.0156919
0.0296948
-0.0041158
0.00643706
0.011727
0.00257132
0.029516
-0.0468009
0.0254779
0.0803606
-0.0960616
0.0331459
-0.0196984
-0.00402363
-0.00636649
0.00896681
-0.00293686
-0.028149
0.0292382
0.0137455
0.0058133
-0.0115736
0.00497035
-0.0306071
0.0105686
-0.00297102
0.000296522
0.0175502
-0.0591796
0.038289
-0.0592256
0.0300195
0.0142964
0.00314785
-0.0395739
-0.015495
-0.0201938
0.0138945
-0.0208466
-0.000270617
0.0134508
-0.0059943
0.0291106
-0.0203896
0.0401297
0.00575281
-0.0290364
-0.00890126
0.0412333
-0.00867995
-0.00599162
0.0102057
-0.00585878
-0.0419112
0.0385876
-0.0209067
0.0324701
-0.0373684
0.0238529
0.00506919
-0.0118661
-0.00243067
-0.00853864
-0.0256211
0.0199184
-0.00493119
0.0562359
0.0151067
-0.0161853
-0.056512
0.075323
-0.0356184
0.0344262
-0.00696716
0.0593669
-0.0373724
0.0721885
-0.0336574
0.0587014
-0.00123428
0.0459014
-0.00644185
0.0544782
-0.0434725
0.101511
-0.0204661
0.0762972
-0.0260335
0.0180128
0.18214
0.247209
0.270344
0.19319
0.332686
0.269441
0.226515
0.314788
0.282431
0.191378
0.288746
0.232491
0.248653
0.256869
0.213589
0.185981
0.22656
0.257295
0.268667
0.207835
0.176833
0.276495
0.237441
0.262805
0.223818
0.263436
0.251418
0.258646
0.205524
0.239118
0.206164
0.283948
0.193403
0.268018
0.198371
0.243778
0.232692
0.237706
0.263038
0.188046
0.279657
0.21729
0.293298
0.204635
0.233991
0.264741
0.25539
0.16892
0.243226
0.313136
0.287555
0.223323
0.199899
0.311631
0.280591
0.265181
0.250347
0.296727
0.173182
0.286538
0.230974
0.252918
0.294713
0.163446
0.282614
0.262968
0.2998
0.200296
0.319106
-0.0510212
0.00352326
0.0568925
0.0364156
-0.0432504
-0.0392138
0.0128471
-0.00334437
0.0369561
-0.0154134
0.049479
-0.0261122
0.0299684
0.0200297
-0.00519357
-0.0317083
0.0374338
0.058681
0.074571
-0.00652165
-0.0177647
-0.0342859
-0.235373
-0.242596
-0.289859
-0.264666
-0.271238
-0.234744
-0.252388
-0.205862
-0.242463
-0.201555
-0.245718
-0.329568
-0.249404
-0.256968
-0.101343
-0.213735
-0.309307
-0.2469
-0.247949
-0.304941
-0.233289
-0.268308
-0.241136
-0.275616
-0.235902
-0.290727
-0.206707
-0.25958
-0.215021
-0.227341
-0.257027
-0.223244
-0.264311
-0.203341
-0.265194
-0.237641
-0.266155
-0.310884
-0.246783
-0.26606
-0.228821
-0.213897
-0.303847
-0.263366
-0.247133
-0.294945
-0.183751
0.0485069
-0.000117663
-0.0271223
0.0477468
-0.0704955
0.0122717
0.00621302
0.0252475
-0.0136471
0.0122299
0.00418151
0.00719669
0.0463628
-0.0400266
-0.0030997
0.0625042
-0.0517064
-0.0640284
-0.0107672
0.0960945
-0.0926217
0.0275949
-0.0504263
-0.0117813
-0.0179841
-0.0375654
0.043716
-0.0444436
-0.00932208
0.0595299
-0.0258868
-0.0242997
-0.00414476
0.0457315
0.121311
0.149481
0.144002
0.288093
0.48578
0.717513
0.87054
1.19317
1.55309
1.65765
1.15492
0.457558
0.746666
2
2
1.7738
1.32405
0.911163
0.740503
1.01646
1.96698
2
1.00238
0.230806
1.01603
1.78725
2
1.94326
1.60245
1.12464
1.24954
2
2
0.98701
0.542152
0.696984
1.04259
1.27353
0.962261
0.273136
0.740855
1.59571
1.10988
0.686286
0.607084
0.678869
1.0733
1.16878
0.542891
0.584243
0.992234
0.99825
0.902826
0.418368
0.480657
0.989552
0.937262
0.215728
0.556727
0.906955
0.87242
0.78025
0.80956
0.951179
0.914777
0.617954
0.860283
0.701054
0.665036
0.860425
0.810883
0.715047
0.771381
0.879628
0.738827
0.73151
0.880674
0.818332
0.71731
0.751969
0.852285
0.614626
0.654756
0.838336
0.644821
0.524522
0.466993
0.606341
0.284351
0.184119
0.523341
0.435843
-0.102577
0.15331
0.282943
0.133117
-0.0291321
0.271793
0.177884
0.0383409
0.00152211
0.0872246
0.085723
-0.189243
-0.0147102
0.26775
-0.000866612
-0.146441
0.133797
0.0234766
-0.489464
0.0189233
0.0836861
-0.234499
-0.201253
0.110438
-0.44267
-0.372138
-0.171569
-0.29407
-0.467746
-0.263987
-0.37343
-0.493371
-0.485044
-0.445038
-0.509893
-0.677388
-0.407911
-0.440653
-0.596485
-0.417024
-0.449341
-0.771473
-0.410082
-0.41326
-0.679513
-0.53717
-0.54368
-0.826748
-0.624243
-0.623382
-0.714486
-0.745717
-0.768617
-0.719656
-0.765763
-0.817897
-0.776952
-0.965241
-0.777222
-0.798547
-0.898334
-0.766809
-0.854561
-1.03147
-1.05454
-1.25171
-1.36022
-1.12503
-1.51272
-1.41148
-1.29524
-1.50332
-1.4881
-1.47183
-1.62009
-1.52304
-1.52738
-1.72785
-1.48343
-1.60098
-1.66209
-1.46896
-1.85996
-1.52839
-1.59156
-1.69102
-1.48984
-1.92295
-1.54976
-1.70637
-1.7817
-1.64786
-1.94505
-1.70371
-1.82696
-1.85749
-1.60595
-1.82307
-1.57564
-1.63777
-1.82474
-1.55302
-1.79595
-1.66779
-1.65831
-1.91884
-1.23701
-1.50239
-1.24115
-1.50149
-1.31099
-1.29572
-1.49321
-1.23846
-1.60539
-1.39402
-1.52483
-1.51151
-1.43864
-1.66443
-1.49851
-1.6496
-1.50386
-1.6222
-1.64311
-1.48808
-1.74132
-1.48124
-1.69384
-1.49065
-1.72086
-1.61755
-1.67175
-1.6992
-1.61957
-1.8193
-1.69313
-1.8353
-1.6318
-1.84513
-1.73331
-1.80605
-1.71395
-1.7783
-1.79476
-1.74678
-1.82221
-1.75788
-1.88183
-1.76232
-1.91443
-1.81265
-1.95465
-1.81636
-1.9466
-1.83056
-1.95927
-1.84116
-1.9234
-1.82234
-1.93767
-1.85848
-1.93025
-1.84811
-1.95313
-1.90684
-1.98555
-1.91576
-1.99646
-1.95029
-2
-1.96958
-2
-2
-2
-2
-2
-2
-2
-2
-2
-2
-2
-2
-2
-2
-2
-2
-2
-2
-2
-2
-2
-2
-2
-2
-2
-2
-2
-2
-2
-2
-2
-2
-2
-2
-2
-2
-2
-2
-2
-2
-2
-2
-2
-2
-2
-2
-2
-2
-2
-2
-2
-2
-2
-2
-2
-2
-2
-2
-2
-2
-2
-2
-2
-2
-2
-2
-2
-2
-2
-2
-2
-2
-2
-2
-2
-2
-2
-2
-2
-2
-2
-2
-2
-2
-2
-2
-2
-2
-2
-2
-2
-2
-2
-2
-2
-2
-2
-2
-2
-2
-2
-2
-2
-2
-2
-2
-2
-2
-2
-2
-2
-2
-2
-2
-2
-2
-2
-2
-2
-2
-2
-2
-2
-2
-2
-2
-2
-2
-2
-2
-2
-2
-2
-2
-2
-2
-2
-2
-2
-2
-2
-2
-2
-2
-2
-2
-2
-2
-2
-2
-2
-2
-2
-2
-2
-2
-2
-2
-2
-2
-2
-2
-2
-2
-2
-2
-2
-2
-2
-2
-2
-2
-2
0
0
0
0
0
0
0
0
0
0
0
0
0
0
0
0
0
0
0
0
0
0
0
0
0
0
0
0
0
0
0
0
0
0
0
0
0
0
0
0
0
0
0
0
0
0
0
0
0
0
0
0
0
0
0
0
0
0
0
0
0
0
0
0
0
0
0
0
0
0
0
0
0
0
0
0
0
0
0
0
0
0
0
0
0
0
0
0
0
0
0
0
0
0
0
0
0
0
0
0
0
0.25
0.25
0.25
0.25
0.25
0.25
0.25
0.25
0.25
0.25
0.25
0.25
0.25
0.25
0.25
0.25
0.25
0.25
0.25
0.25
0
0
0
0
0
0
0
0
0
0
0
0
0
0
-0.0515534
-0.25
-0.25
-0.25
-0.25
-0.25
-0.25
-0.25
-0.25
-0.25
-0.25
-0.25
-0.25
-0.25
-0.25
-0.25
-0.25
-0.25
-0.25
-0.25
-0.25
-0.25
-0.190733
-0.157224
-0.0360881
0
0
0
0
0
0
0
0
0
0
0
0
0
0
0
0.0438093
0.195875
0.25
0.25
0.25
0.25
0.25
0.25
0.25
0.25
0.25
0.25
0.25
0.25
0.25
0.25
0.25
0.25
0.213919
0.0902051
0
0
0
0
0
-0.13918
-0.25
-0.25
-0.25
-0.25
-0.25
-0.25
-0.25
-0.25
-0.25
-0.25
-0.25
-0.25
-0.25
-0.25
-0.25
-0.25
0
0
0
0
0
0
0
0
0
0
0
0
0
0
0
0
0
0
0
0
0
0
0
0
0
0
0
0
0
0
0
0
0
0
0
0
0
0
0
0
0
0
0
0
0
0
0
0
0
0
0
0
0
0
0
0
0
0
0
0
0
0
0
0
0
0
0
0
0
0
0
0
0
0
0
0
0
0
0
0
0
0
0
0
0
0
0
0
0
0
0
0
0
0
0
0
0
0
0
0
0
0
0
0
0
0
0
0
0
0
0
0
0
0
0
0
0
0
0
0
0
0
0
0
0
0
0
0
0
0
0
0
0
0
0
0
-0.0128941
-0.0154653
-0.0850551
-0.105678
-0.108257
-0.108257
-0.110836
-0.110836
-0.110836
-0.110836
-0.110836
-0.110836
-0.105678
0
0
0
0
0
0
0
0
0
0
0
0
0
0
0
0
0
0
0
0
0
0
0
0
0
0
0
0
0
0
0
0
0
0
0
0
0
0
0
0
0
0
0
0
0
0
0
0
0
0
0
0
0
0
0
0
0
0
0
0
0
0
0
0
0
0
0
0
0
0
0
0
0
0
0
0
0
0
0
0
0
0
0
0
0
0
0
0
0
0
0
0
0
0
0
0
0
0
0
0
0
0
0
0
0
0
0
0
0
0
0
0
0
0
0
0
0
0
0
0
0
0
0
0
0
0
0
0
0
0
0
0
0
0
0
0
0
0
0
0
0
0
0
0
0
0
0
0
0
0
0
0
0
0
0
0
0
0
0
0
0
0
0
0
0
0
0
0
0
0
0
0
0
0
0
0
0
0
0
0
0
0
0
0
0
0
0
0
0
0
0
0
0
0
0
0
0
0
0
0
0
0
0
0
0
0
0
0
0
0
0
0
0
0
0
0
0
0
0
0
0
0
0
0
0
0
0
0
0
0
0
0
0
0
0
0
0
0
0
0
0
0
0
0
0
0
0
0
0
0
0
0
0
0
0
0
0
0
0
0
0
0
0
0
0
0
0
0
0
0
0
0
0
0
0
0
0
0
0
0
0
0
0
0
0
0
