0.0156419
0.0146787
0.016306
0.0192358
0.0159855
0.0170871
0.0206216
0.0217269
0.0210136
0.0242913
0.0226726
0.0203279
0.0215845
0.0207749
0.0221292
0.0252833
0.00634406
-0.00484268
-0.0121687
-0.0121912
-0.0134207
-0.0135379
-0.0125841
-0.0122979
-0.0161369
-0.0140906
-0.0186968
-0.0158756
-0.0211421
-0.0243528
-0.0213934
-0.0253561
-0.028592
-0.0294208
-0.0357422
-0.0360254
-0.0401581
-0.0418712
-0.0448976
-0.057519
-0.0650771
-0.0603027
-0.0629633
-0.0643662
-0.0670108
-0.0649908
-0.0670561
-0.073641
-0.0802613
-0.0744259
-0.0728106
-0.0676284
-0.0716114
-0.0711213
-0.0707479
-0.0729055
-0.0876211
-0.0883547
-0.0885919
-0.0809455
-0.0849087
-0.0939522
-0.0984476
-0.10365
-0.104861
-0.102666
-0.104242
-0.105839
-0.10609
-0.110133
-0.110825
-0.112855
-0.113748
-0.120427
-0.123962
-0.122104
-0.131634
-0.128715
-0.134436
-0.144299
-0.14533
-0.13885
-0.139467
-0.144275
-0.142956
-0.145767
-0.148827
-0.156622
-0.158366
-0.159655
-0.158634
-0.163073
-0.160707
-0.164775
-0.171698
-0.176886
-0.176705
-0.182237
-0.18661
-0.192693
-0.201368
-0.202409
-0.205765
-0.210366
-0.217736
-0.221794
-0.228764
-0.236716
-0.228318
-0.230571
-0.236869
-0.232567
-0.232628
-0.235068
-0.231018
-0.232804
-0.233501
-0.241077
-0.242737
-0.241356
-0.234922
-0.240993
-0.255087
-0.261602
-0.268974
-0.272831
-0.268421
-0.26746
-0.277079
-0.283147
-0.286843
-0.277623
-0.281176
-0.283664
-0.293042
-0.293198
-0.301186
-0.302789
-0.310697
-0.317163
-0.320623
-0.320271
-0.314637
-0.321376
-0.330123
-0.335297
-0.343475
-0.342251
-0.353608
-0.360457
-0.367801
-0.374334
-0.382993
-0.390372
-0.399113
-0.405815
-0.409002
-0.417243
-0.43013
-0.433527
-0.4413
-0.449558
-0.459332
-0.467052
-0.47674
-0.487239
-0.488652
-0.491259
-0.502718
-0.514759
-0.527199
-0.54105
-0.547222
-0.558424
-0.568068
-0.575831
-0.582973
-0.595174
-0.602183
-0.6202
-0.637423
-0.64307
-0.661633
-0.673847
-0.682952
-0.692385
-0.705313
-0.712236
-0.726535
-0.740359
-0.750535
-0.766362
-0.778481
-0.788695
-0.805246
-0.817787
-0.833155
-0.849414
-0.86539
-0.881644
-0.899625
-0.91803
-0.929308
-0.946031
-0.961782
-0.98134
-1.00375
-1.0169
-1.03934
-1.0642
-1.08899
-1.10769
-1.13198
-1.1583
-1.18357
-1.20772
-1.23089
-1.25594
-1.27568
-1.29495
-1.31539
-1.33816
-1.37009
-1.39967
-1.43037
-1.45953
-1.47516
-1.5129
-1.54119
-1.5716
-1.60095
-1.63742
-1.67144
-1.6966
-1.73938
-1.77403
-1.81099
-1.84301
-1.88216
-1.92195
-1.96055
-1.9996
-2
-2
-2
-2
-2
-2
-2
-2
-2
-2
-2
-2
-2
-2
-2
-2
-2
-2
-2
-2
-2
-2
-2
-2
-2
-2
-2
-2
-2
-2
-2
-2
-2
-2
-2
-2
-2
-2
-2
-2
-2
-2
-2
-2
-2
-2
-2
-2
-2
-2
-2
-2
-2
-2
-2
-2
-2
-2
-2
-2
-2
-2
-2
-2
-2
-2
-2
-2
-2
-2
-2
-2
-2
-2
-2
-2
-2
-2
-2
-2
-2
-2
-2
-2
-2
-2
-2
-2
-2
-2
-2
-2
-2
-2
-2
-2
-2
-2
-2
-2
-2
-2
-2
-2
-2
-2
-2
-2
-2
-2
-2
-2
-2
-2
-2
-2
-2
-2
-2
-2
-2
-2
-2
-2
-2
-2
-2
-2
-2
-2
-2
-2
-2
-2
-2
-2
-2
-2
-2
-2
-2
-2
-2
-2
-2
-2
-2
-2
-2
-2
-2
-2
-2
-2
-2
-2
-2
-2
-2
-2
-2
-2
-2
-2
-2
-2
-2
-2
-2
-2
-2
-2
-2
-2
-2
-2
-2
-2
-2
-2
-2
-2
-2
-2
-2
-2
-2
-2
-2
-2
-2
-2
-2
-2
-2
-2
-2
-2
-2
-2
-2
-2
-2
-2
-2
-2
-2
-2
-2
-2
-2
-2
-2
-2
-2
-2
-2
-2
-2
-2
-2
-2
-2
-2
-2
-2
-2
-2
-2
-2
-2
-2
-2
-2
-2
-2
-2
-2
-2
-2
-2
-2
-2
-2
-2
-2
-2
-2
-2
-2
-2
-2
-2
-2
-2
-2
-2
-2
-2
-2
-2
-2
-2
-2
-2
-2
-2
-2
-2
-2
-2
-2
-2
-2
-2
-2
-2
-2
-2
-2
-2
-2
-2
-2
-2
-2
-2
-2
-2
-2
-2
-2
-2
-2
-2
-2
-2
-2
-2
-2
-2
-2
-2
-2
-2
-2
-2
-2
-2
-2
-2
-2
-2
-2
-2
-2
-2
-2
-2
-2
-2
-2
-2
-2
-2
-2
-2
-2
-2
-2
-2
-2
-2
-2
-2
-2
-2
-2
-2
-2
-2
-2
-2
-2
-2
-2
-2
-2
-2
-2
-2
-2
-2
-2
-2
-2
-2
-2
-2
-2
-2
-2
-2
-2
-2
-2
-2
-2
-2
-2
-2
-2
-2
-2
-2
-2
-2
-2
-2
-2
-2
-2
-2
-2
-2
-2
-2
-2
-2
-2
-2
-2
-2
-2
-2
-2
-2
-2
-2
-2
-2
-2
-2
-2
-2
-2
-2
-2
-2
-2
-2
-2
-2
-2
-2
-2
-2
-2
-2
-2
-2
-2
-2
-2
-2
-2
-2
-2
-2
-2
-2
-2
-2
-2
-2
-2
-2
-2
-2
-2
-2
-2
-2
-2
-2
-2
-2
-2
-2
-2
-2
-2
-2
-2
-2
-2
-2
-2
-2
-2
-2
-2
-2
-2
-2
-2
-2
-2
-2
-2
-2
-2
-2
-2
-2
-2
-2
-2
-2
-2
-2
-2
-2
-2
-2
-2
-2
-2
-2
-2
-2
-2
-2
-2
-2
-2
-2
-2
-2
-2
-2
-2
-2
-2
-2
-2
-2
-2
-2
-2
-2
-2
-2
-2
-2
-2
-2
-2
-2
-2
-2
-2
-2
-2
-2
-2
-2
-2
-2
-2
0
0
0
0
0
0
0
0
0
0
0
0
0
0
0
0
0
0
0
0
0
0
0
0
0
0
0
0
0
0
0
0
0
0
0
0
0
0
0
0
0
0
0
0
0
0
0
0
0
0
0
0
0
0
0
0
0
0
0
0
0
0
0
0
0
0
0
0
0
0
0
0
0
0
0
0
0
0
0
0
0
0
0
0
0
0
0
0
0
0
0
0
0
0
0
0
0
0
0
0
0
0
0
0
0
0
0
0
0
0
0
0
0
0
0
0
0
0
0
0
0
0
0
0
0
0
0
0
0
0
0
0
0
0
0
0
0
0
0
0
0
0
0
0
0
0
0
0
0
0
0
0
0
0
0
0
0
0
0
0
0
0
0
0
0
0
0
0
0
0
0
0
0
0
0
0
0
0
0
0
0
0
0
0
0
0
0
0
0
0
0
0
0
0
0
0
0
0
0
0
0
0
0
0
0
0
0
0
0
0
0
0
0
0
0
0
0
0
0
0
0
0
0
0
0
0
0
0
0
0
0
0
0
0
0
0
0
0
0
0
0
0
0
0
0
0
0
0
0
0
0
0
0
0
0
0
0
0
0
0
0
0
0
0
0
0
0
0
0
0
0
0
0
0
0
0
0
0
0
0
0
0
0
0
0
0
0
0
0
0
0
0
0
0
0
0
0
0
0
0
0
0
0
0
0
0
0
0
0
0
0
0
0
0
0
0
0
0
0
0
0
0
0
0
0
0
0
0
0
0
0
0
0
0
0
0
0
0
0
0
0
0
0
0
0
0
0
0
0
0
0
0
0
0
0
0
0
0
0
0
0
0
0
0
0
0
0
0
0
0
0
0
0
0
0
0
0
0
0
0
0
0
0
0
0
0
0
0
0
0
0
0
0
0
0
0
0
0
0
0
0
0
0
0
0
0
0
0
0
0
0
0
0
0
0
0
0
0
0
0
0
0
0
0
0
0
0
0
0
0
0
0
0
0
0
0
0
0
0
0
0
0
0
0
0
0
0
0
0
0
0
0
0
0
0
0
0
0
0
0
0
0
0
0
0
0
0
0
0
0
0
0
0
0
0
0
0
0
0
0
0
0
0
0
0
0
0
0
0
0
0
0
0
0
0
0
0
0
0
0
0
0
0
0
0
0
0
0
0
0
0
0
0
0
0
0
0
0
0
0
0
0
0
0
0
0
0
0
0
0
0
0
0
0
0
0
0
0
0
0
0
0
0
0
0
0
0
0
0
0
0
0
0
0
0
0
0
0
0
0
0
0
0
0
0
0
0
0
0
0
0
0
0
0
0
0
0
0
0
0
0
0
0
0
0
0
0
0
0
0
0
0
0
0
0
0
0
0
0
0
0
0
0
0
0
0
0
0
0
0
0
0
0
0
0
0
0
0
0
0
0
0
0
0
0
0
0
0
0
0
0
0
0
0
0
0
0
0
0
0
0
0
0
0
0
0
0
0
0
0
0
0
